// flawed normal distribution
-5.000000	0.00123505620210
-4.983287	-0.0422690551005
-4.966574	-0.0078042626166
-4.949861	-0.0044000711103
-4.933148	-0.0401666310665
-4.916435	0.00546900159576
-4.899721	-0.0093432519774
-4.883008	0.02553036360036
-4.866295	-0.0084174290891
-4.849582	-0.0189927849457
-4.832869	-0.0315331660302
-4.816156	0.01492631407850
-4.799443	-0.0110869189721
-4.782730	0.01345434232192
-4.766017	0.01164865806169
-4.749304	0.03770650580101
-4.732591	0.03906359889529
-4.715877	0.01873164535361
-4.699164	0.01936209121475
-4.682451	0.00703390809165
-4.665738	-0.0064291904094
-4.649025	-0.0016383775582
-4.632312	0.00648136094397
-4.615599	0.00357041020649
-4.598886	0.01941532334681
-4.582173	0.00267748180578
-4.565460	0.01676866725893
-4.548747	-0.0307012262472
-4.532033	0.00742697468311
-4.515320	0.03321098228582
-4.498607	-0.0168136343484
-4.481894	0.01680300332280
-4.465181	-0.0062895566934
-4.448468	-0.0089163084186
-4.431755	0.03981612142428
-4.415042	-0.0005879379116
-4.398329	0.02047973544695
-4.381616	-0.0295428654390
-4.364903	0.00106331242145
-4.348189	0.01450760870574
-4.331476	0.02039262865221
-4.314763	0.02728298381334
-4.298050	-0.0081211195479
-4.281337	0.00026871673855
-4.264624	-0.0169197230059
-4.247911	0.00860181253453
-4.231198	-0.0091090555948
-4.214485	-0.0073126251568
-4.197772	0.02515118784437
-4.181058	0.01271194582645
-4.164345	0.00519854297767
-4.147632	-0.0050722649091
-4.130919	0.03483274121628
-4.114206	-0.0136292529660
-4.097493	-0.0267734296663
-4.080780	-0.0194103148199
-4.064067	0.01658713373038
-4.047354	0.00906448680803
-4.030641	0.00408348749020
-4.013928	0.01160377313816
-3.997214	0.00023411613741
-3.980501	0.02485986968795
-3.963788	0.02996466832918
-3.947075	0.03386856396535
-3.930362	0.01545324889473
-3.913649	0.02029838485022
-3.896936	0.00540446490309
-3.880223	0.03394153439410
-3.863510	0.01324942286376
-3.846797	0.00939215589145
-3.830084	0.00072637719077
-3.813370	0.02277972104527
-3.796657	0.00211242293494
-3.779944	0.05819282367728
-3.763231	0.02286807424772
-3.746518	0.00236197690609
-3.729805	0.03018817355849
-3.713092	0.03206789323044
-3.696379	0.06643831086483
-3.679666	0.01482539211392
-3.662953	0.03163897238892
-3.646240	0.07100884794599
-3.629526	0.07613609325331
-3.612813	0.04649142276563
-3.596100	0.07066109734496
-3.579387	0.01235650465310
-3.562674	0.01866982310830
-3.545961	0.05991789757442
-3.529248	0.02333525187853
-3.512535	0.05735519028436
-3.495822	0.03299389320508
-3.479109	0.09242027320569
-3.462396	0.08262712521389
-3.445682	0.03149330355803
-3.428969	0.06782793187911
-3.412256	0.07311847450124
-3.395543	0.05800639483719
-3.378830	0.08310921529697
-3.362117	0.10824998358320
-3.345404	0.09697193347196
-3.328691	0.05677149778448
-3.311978	0.10885992833260
-3.295265	0.10545079916408
-3.278552	0.11865255121736
-3.261838	0.13879567231010
-3.245125	0.14664884932389
-3.228412	0.14624068483569
-3.211699	0.12615735212848
-3.194986	0.14708281439728
-3.178273	0.13189988765378
-3.161560	0.11569842676543
-3.144847	0.12881684580220
-3.128134	0.17392134968902
-3.111421	0.17065871238800
-3.094708	0.17976268917716
-3.077994	0.15416756856136
-3.061281	0.15845588247254
-3.044568	0.20945901799172
-3.027855	0.18783388289220
-3.011142	0.18669058086727
-2.994429	0.23289595359222
-2.977716	0.24319777264575
-2.961003	0.20300863420659
-2.944290	0.23471187559454
-2.927577	0.27788382937101
-2.910864	0.29154094856457
-2.894150	0.23827392748511
-2.877437	0.26194017350840
-2.860724	0.23793750269749
-2.844011	0.25529755589634
-2.827298	0.21041097427774
-2.810585	0.27759239270973
-2.793872	0.28781706257696
-2.777159	0.36835938857963
-2.760446	0.30984095150913
-2.743733	0.32981584159494
-2.727019	0.35146517537337
-2.710306	0.32228638699202
-2.693593	0.37004211295740
-2.676880	0.35401656166847
-2.660167	0.36678458710545
-2.643454	0.35430083503322
-2.626741	0.37246433186284
-2.610028	0.37300828942024
-2.593315	0.40363235823872
-2.576602	0.42455953067630
-2.559889	0.41434102652682
-2.543175	0.41637567471695
-2.526462	0.45450976484105
-2.509749	0.41980053431270
-2.493036	0.44263413527475
-2.476323	0.45886140505298
-2.459610	0.45876964225465
-2.442897	0.49372367416954
-2.426184	0.47391709216571
-2.409471	0.47822916810760
-2.392758	0.46201230408457
-2.376045	0.50904563563410
-2.359331	0.52159253180159
-2.342618	0.52814379970847
-2.325905	0.49674414080068
-2.309192	0.53088552014193
-2.292479	0.53328831627068
-2.275766	0.51020293984292
-2.259053	0.54472302410293
-2.242340	0.51903446954902
-2.225627	0.51131849083079
-2.208914	0.53182613043142
-2.192201	0.55189654756159
-2.175487	0.55408867320248
-2.158774	0.52193478235689
-2.142061	0.52570340019020
-2.125348	0.55005794919660
-2.108635	0.58679581718859
-2.091922	0.55222582800248
-2.075209	0.55861126299875
-2.058496	0.56185607183331
-2.041783	0.57873559889614
-2.025070	0.56496860031594
-2.008357	0.57678085375283
-1.991643	0.55959397868748
-1.974930	0.58552703481365
-1.958217	0.58467106563091
-1.941504	0.54649898961124
-1.924791	0.51287781005807
-1.908078	0.60243495076402
-1.891365	0.54846491076074
-1.874652	0.52717593904023
-1.857939	0.56695606234403
-1.841226	0.55832950738050
-1.824513	0.56533578498080
-1.807799	0.55741969070009
-1.791086	0.51013352491536
-1.774373	0.58281213424861
-1.757660	0.52490933928942
-1.740947	0.54012814193038
-1.724234	0.53708621441783
-1.707521	0.51192998399195
-1.690808	0.54551699018205
-1.674095	0.52051473382015
-1.657382	0.46509441025027
-1.640669	0.51852097925358
-1.623955	0.52547577881019
-1.607242	0.49433458220591
-1.590529	0.47174710243494
-1.573816	0.43502286041895
-1.557103	0.44639708686577
-1.540390	0.43600257044335
-1.523677	0.46920183207093
-1.506964	0.43190145556080
-1.490251	0.43181538111141
-1.473538	0.41521259809306
-1.456825	0.42036009372702
-1.440111	0.38756421272154
-1.423398	0.39942597114525
-1.406685	0.41023160786476
-1.389972	0.36110116688211
-1.373259	0.44260810731318
-1.356546	0.39253255202420
-1.339833	0.36481015912334
-1.323120	0.37409046675224
-1.306407	0.36975428711471
-1.289694	0.32471074620171
-1.272981	0.30040638497638
-1.256267	0.32102212349047
-1.239554	0.32308247081689
-1.222841	0.36485127845048
-1.206128	0.33038933002540
-1.189415	0.29018584191383
-1.172702	0.25444139994615
-1.155989	0.27063135812560
-1.139276	0.28520422318512
-1.122563	0.27974306328820
-1.105850	0.26954221653926
-1.089136	0.25407175648640
-1.072423	0.25654697615424
-1.055710	0.21498641141657
-1.038997	0.19227925949408
-1.022284	0.22108426316206
-1.005571	0.25215542227840
-0.988858	0.19675278292348
-0.972145	0.20609537998379
-0.955432	0.20491155659467
-0.938719	0.15027908584767
-0.922006	0.17436956283923
-0.905292	0.16703526100088
-0.888579	0.19038650262482
-0.871866	0.13970180282170
-0.855153	0.15221974988501
-0.838440	0.15651989039042
-0.821727	0.12266574045283
-0.805014	0.07724942613581
-0.788301	0.13418693359239
-0.771588	0.12480665539917
-0.754875	0.12547289682409
-0.738162	0.13478770751748
-0.721448	0.15092951215222
-0.704735	0.08014892219401
-0.688022	0.09089790927313
-0.671309	0.11326175510829
-0.654596	0.06317278410702
-0.637883	0.07602611300979
-0.621170	0.09576275156517
-0.604457	0.08971950293980
-0.587744	0.06878574490859
-0.571031	0.05323221795889
-0.554318	0.09531900184704
-0.537604	0.05733145843817
-0.520891	0.06893654074578
-0.504178	0.07295154696666
-0.487465	0.02106444728883
-0.470752	0.08438276575746
-0.454039	0.06569780162424
-0.437326	0.06814759368514
-0.420613	0.01574799513616
-0.403900	0.03251611774026
-0.387187	0.05611101346371
-0.370474	0.01330222866746
-0.353760	0.01670356824273
-0.337047	0.00636095692837
-0.320334	0.03960595482864
-0.303621	0.03454640182701
-0.286908	0.03709650908174
-0.270195	0.05000576715950
-0.253482	0.02497766112818
-0.236769	0.01880457014512
-0.220056	0.04706190308649
-0.203343	0.00897794894530
-0.186630	-0.0061803797827
-0.169916	0.00945672740928
-0.153203	0.02323733695289
-0.136490	0.01150259361595
-0.119777	0.01491928367116
-0.103064	0.04356816544338
-0.086351	0.04176552510200
-0.069638	0.04408394800828
-0.052925	-0.0319213396864
-0.036212	0.04200578590288
-0.019499	0.01947148920631
-0.002786	0.03482545375199
+0.013928	0.01266791150042
+0.030641	0.00593944900249
+0.047354	0.04288518275978
+0.064067	0.00892713942033
+0.080780	0.03632001049834
+0.097493	0.03384149514484
+0.114206	0.04249797883727
+0.130919	0.02674317870373
+0.147632	0.03172049736413
+0.164345	0.01074263731353
+0.181058	0.03841650736094
+0.197772	-0.0211651047108
+0.214485	-0.0001818392576
+0.231198	0.02387878874991
+0.247911	-0.0032611625260
+0.264624	0.02790522289756
+0.281337	0.00520164841505
+0.298050	0.02385028803724
+0.314763	0.01447290633618
+0.331476	-0.0006903955389
+0.348189	0.00994238147205
+0.364903	-0.0191239979363
+0.381616	-0.0130743193689
+0.398329	-0.0057694546282
+0.415042	0.02196089145757
+0.431755	0.00948879562234
+0.448468	0.00058530594933
+0.465181	0.01024245794428
+0.481894	-0.0123588764976
+0.498607	0.00305847510357
+0.515320	-0.0132643146116
+0.532033	0.00397375252763
+0.548747	0.02582193847627
+0.565460	0.02088552188222
+0.582173	-0.0036277059942
+0.598886	-0.0213888978625
+0.615599	-0.0020918403597
+0.632312	0.01583382827933
+0.649025	0.00119147284910
+0.665738	-0.0160100422571
+0.682451	0.01559556627772
+0.699164	-0.0203273818145
+0.715877	0.03110588902674
+0.732591	0.00941750734899
+0.749304	0.03959276350717
+0.766017	-0.0160643582426
+0.782730	0.01134815357471
+0.799443	0.00306567251182
+0.816156	0.00435193448230
+0.832869	-0.0182436906876
+0.849582	-0.0501106195946
+0.866295	0.01158939551249
+0.883008	0.02636107370458
+0.899721	0.01459709573849
+0.916435	0.00913409963700
+0.933148	-0.0364972695980
+0.949861	-0.0009869938701
+0.966574	0.02101521608344
+0.983287	0.03686811547639
+1.000000	-0.0092613378194
